HS
1 1 10 131072 10.468713 10.453683 0.000000 0.000049 0.014981 125203.546448 125203.546448 PERF_SUMMARY 0.000000
10 1 10 131072 0.846564 0.842759 0.000000 0.001914 0.001891 1548282.132993 154828.213299 PERF_SUMMARY 0.000000
20 1 10 131072 0.422492 0.396584 0.000000 0.023362 0.002547 3102354.400460 155117.720023 PERF_SUMMARY 0.000000
1 10 10 131072 2.963612 2.959706 0.000000 0.000179 0.003726 442271.144209 44227.114421 PERF_SUMMARY 0.000000
1 20 10 131072 1.578608 1.575149 0.000000 0.000207 0.003252 830301.107099 41515.055355 PERF_SUMMARY 0.000000
10 10 10 131072 2.917008 1.650967 0.000000 1.181652 0.084389 449337.104119 4493.371041 PERF_SUMMARY 0.000000
FS
1 1 10 131072 8.888118 8.873592 0.000000 0.000013 0.014513 147468.788756 147468.788756 PERF_SUMMARY 0.000000
10 1 10 131072 0.741905 0.730484 0.000000 0.007914 0.003507 1766695.258777 176669.525878 PERF_SUMMARY 0.000000
20 1 10 131072 0.348555 0.344612 0.000000 0.002662 0.001282 3760438.579045 188021.928952 PERF_SUMMARY 0.000000
1 10 10 131072 1.089174 1.085150 0.000000 0.000093 0.003931 1203407.317138 120340.731714 PERF_SUMMARY 0.000000
1 20 10 131072 0.569909 0.566419 0.000000 0.000104 0.003386 2299876.520791 114993.826040 PERF_SUMMARY 0.000000
10 10 10 131072 1.218551 0.549535 0.000000 0.588674 0.080341 1075638.266702 10756.382667 PERF_SUMMARY 0.000000
NT1
1 1 10 131072 13.568885 13.554674 0.000000 0.000031 0.014180 96597.473892 96597.473892 PERF_SUMMARY 0.000000
10 1 10 131072 1.115329 1.077266 0.000000 0.036175 0.001888 1175187.095691 117518.709569 PERF_SUMMARY 0.000000
20 1 10 131072 0.537038 0.534103 0.000000 0.001997 0.000938 2440647.342455 122032.367123 PERF_SUMMARY 0.000000
1 10 10 131072 1.628065 1.623934 0.000000 0.000198 0.003933 805078.367291 80507.836729 PERF_SUMMARY 0.000000
1 20 10 131072 0.892195 0.888692 0.000000 0.000221 0.003282 1469095.903993 73454.795200 PERF_SUMMARY 0.000000
10 10 10 131072 3.735453 1.569294 0.000000 1.873993 0.292166 350886.502509 3508.865025 PERF_SUMMARY 0.000000
NT2
1 1 10 131072 13.427371 13.412468 0.000000 0.000024 0.014879 97615.534534 97615.534534 PERF_SUMMARY 0.000000
10 1 10 131072 1.112262 1.096995 0.000000 0.012893 0.002374 1178427.626313 117842.762631 PERF_SUMMARY 0.000000
1 10 10 131072 1.604530 1.600253 0.000000 0.000190 0.004087 816887.260628 81688.726063 PERF_SUMMARY 0.000000
1 20 10 131072 0.856721 0.852928 0.000000 0.000216 0.003577 1529926.447113 76496.322356 PERF_SUMMARY 0.000000
10 10 10 131072 2.123927 0.752862 0.000000 1.318792 0.052274 617120.987760 6171.209878 PERF_SUMMARY 0.000000
